A = [11, 9, 9, 9, 10, 8, 8, 9, 14, 13];