B = [10, 6, 10, 14, 12, 3, 7, 8, 19, 10];